g                  = (26, 29, 17, 12, 20, 4, 38, 28, 37, 30, 9, 6, 21, 36, 40, 39, 1, 14, 15, 25, 33, 34, 13, 3, 10, 2, 7, 23, 24, 16, 8, 27, 5, 31, 35, 18, 19, 22, 32, 11)
key * g * key^(-1) = (8, 37, 6, 38, 24, 30, 14, 19, 39, 11, 25, 36, 13, 35, 10, 18, 23, 27, 5, 2, 1, 9, 28, 32, 26, 40, 16, 34, 4, 29, 22, 21, 3, 31, 12, 33, 20, 17, 7, 15)
g                  = (34, 17, 12, 31, 15, 14, 28, 24, 20, 3, 38, 40, 1, 39, 5, 21, 27, 33, 37, 8, 16, 25, 2, 18, 30, 26, 35, 7, 4, 22, 19, 13, 9, 32, 23, 29, 36, 10, 11, 6)
key * g * key^(-1) = (18, 34, 39, 8, 36, 9, 6, 2, 7, 3, 22, 23, 17, 28, 16, 37, 21, 29, 27, 1, 5, 4, 24, 30, 20, 25, 15, 14, 26, 12, 40, 32, 38, 11, 10, 13, 35, 33, 19, 31)
g                  = (30, 4, 25, 18, 24, 13, 9, 7, 15, 14, 36, 22, 37, 29, 2, 3, 20, 19, 17, 27, 40, 12, 11, 8, 35, 5, 10, 38, 28, 16, 1, 6, 34, 31, 26, 21, 39, 32, 33, 23)
key * g * key^(-1) = (38, 26, 12, 33, 22, 27, 14, 4, 13, 20, 40, 16, 32, 19, 17, 23, 10, 2, 9, 28, 18, 36, 25, 7, 35, 5, 6, 15, 24, 29, 8, 31, 11, 30, 34, 39, 1, 3, 37, 21)
g                  = (27, 26, 10, 20, 14, 13, 35, 34, 16, 5, 4, 31, 18, 7, 11, 19, 3, 15, 2, 33, 37, 39, 28, 17, 21, 32, 30, 9, 8, 6, 23, 24, 38, 40, 12, 36, 22, 29, 1, 25)
key * g * key^(-1) = (4, 40, 1, 30, 19, 35, 16, 5, 28, 18, 14, 8, 27, 26, 9, 23, 38, 22, 39, 20, 32, 34, 2, 36, 6, 21, 29, 25, 17, 15, 37, 12, 13, 3, 24, 7, 33, 11, 31, 10)
g                  = (29, 15, 6, 4, 17, 5, 2, 8, 31, 38, 25, 24, 3, 27, 36, 18, 32, 33, 23, 11, 39, 16, 26, 35, 37, 40, 13, 34, 30, 12, 22, 21, 14, 1, 7, 10, 19, 28, 9, 20)
key * g * key^(-1) = (7, 34, 38, 4, 12, 14, 27, 13, 25, 9, 29, 28, 33, 2, 22, 31, 32, 18, 16, 39, 40, 10, 19, 1, 26, 17, 8, 35, 6, 24, 5, 15, 21, 37, 11, 23, 36, 30, 3, 20)
g                  = (3, 27, 21, 25, 39, 8, 15, 20, 23, 18, 36, 24, 33, 22, 32, 30, 13, 12, 11, 1, 29, 10, 14, 19, 28, 40, 31, 34, 6, 9, 35, 2, 5, 38, 26, 37, 17, 16, 4, 7)
key * g * key^(-1) = (16, 27, 14, 22, 23, 39, 11, 26, 38, 20, 17, 21, 32, 7, 33, 4, 37, 9, 28, 25, 36, 24, 34, 19, 5, 10, 8, 1, 13, 3, 35, 15, 40, 31, 18, 29, 6, 30, 2, 12)
g                  = (12, 38, 6, 24, 1, 30, 21, 39, 5, 31, 26, 20, 36, 17, 9, 19, 2, 10, 33, 29, 4, 40, 11, 3, 23, 15, 37, 8, 27, 28, 22, 18, 16, 32, 35, 7, 14, 13, 34, 25)
key * g * key^(-1) = (36, 39, 23, 35, 21, 15, 38, 19, 17, 32, 31, 2, 13, 26, 9, 7, 10, 8, 16, 33, 3, 1, 20, 27, 37, 34, 22, 18, 6, 12, 24, 40, 28, 14, 30, 25, 5, 4, 29, 11)
g                  = (5, 9, 37, 10, 36, 8, 6, 11, 3, 31, 17, 16, 24, 18, 28, 7, 12, 22, 27, 30, 19, 29, 14, 26, 35, 40, 23, 1, 15, 20, 4, 2, 33, 38, 13, 25, 34, 32, 39, 21)
key * g * key^(-1) = (40, 6, 12, 10, 27, 1, 22, 32, 13, 5, 19, 21, 23, 33, 28, 4, 37, 39, 25, 9, 11, 7, 8, 31, 30, 36, 14, 26, 18, 3, 20, 15, 16, 34, 35, 17, 2, 24, 29, 38)
g                  = (17, 36, 16, 11, 5, 35, 9, 12, 23, 8, 6, 37, 7, 28, 15, 18, 2, 31, 30, 32, 22, 3, 25, 38, 34, 21, 13, 10, 40, 19, 4, 20, 26, 39, 1, 29, 27, 24, 33, 14)
key * g * key^(-1) = (15, 29, 8, 27, 21, 19, 26, 3, 30, 16, 17, 22, 24, 2, 37, 13, 9, 10, 14, 1, 20, 12, 33, 5, 36, 7, 25, 6, 18, 35, 31, 28, 11, 32, 34, 23, 38, 39, 4)
g                  = (26, 23, 1, 33, 39, 17, 22, 2, 9, 19, 40, 13, 7, 8, 35, 12, 21, 34, 30, 37, 32, 6, 15, 18, 20, 31, 3, 28, 38, 11, 36, 5, 16, 4, 25, 10, 24, 14, 29, 27)
key * g * key^(-1) = (3, 30, 37, 21, 28, 16, 10, 2, 22, 15, 11, 31, 9, 27, 36, 5, 40, 34, 24, 39, 17, 25, 33, 32, 8, 7, 23, 12, 20, 18, 35, 29, 6, 14, 1, 19, 4, 38, 26, 13)
